589.078783 958.309094
587.953314 975.761101
587.494789 979.348458
583.826594 980.996704
580.575240 982.547993
577.990830 984.002327
577.365569 975.664146
571.112964 961.702540
560.483535 969.458988
559.899958 967.713787
558.566069 961.508629
557.107128 956.273027
556.356815 951.716114
567.236348 940.178398
562.651105 929.319372
555.481451 911.770409
553.105461 906.534807
549.187161 896.839248
540.058358 875.412061
537.223843 877.545084
531.346394 864.843901
537.557316 859.705255
534.597749 853.597053
535.973322 851.851852
537.223843 850.688385
535.889954 844.095404
537.765736 835.951134
544.060025 832.945511
549.437266 831.394221
556.648604 828.388598
562.025844 826.352531
565.652355 824.898197
572.947061 836.823735
576.823677 845.743649
587.161317 871.921660
588.828679 879.968974
593.497291 902.947450
593.914131 914.291255
591.079617 915.551677
587.869946 919.817723
586.827845 915.648633
586.327637 912.158232
584.618591 900.911383
584.827011 887.628466
585.493956 881.520264
584.618591 879.096374
582.867862 873.957727
580.825344 868.043436
579.574823 864.456079
578.240934 860.480900
575.906628 856.602676
572.530221 855.245298
569.070446 856.214854
563.609837 859.220477
560.275115 861.547411
